42.66796892951021,-83.21891219407783
42.66794378381368,-83.21891487628672
42.66792899221983,-83.21891822904928
42.66792800611363,-83.21894169837712
42.66793441580357,-83.2189718732272
42.66794074381845,-83.21900448305884
42.66793581328829,-83.21904136343116
42.66793285496949,-83.21908092601622
42.6679244730669,-83.21911311252298
42.66793038970413,-83.21915401620866
42.66793285496949,-83.21919223768543
42.6679363063408,-83.21923716469367
42.66792644527935,-83.21927337451378
42.667916091163164,-83.21930891378166
42.66792692400346,-83.21932831447116
42.66793530590572,-83.21933904330673
42.66795552107706,-83.21934239606786
42.667978201505406,-83.21934708993341
42.66800186803052,-83.21935111324676
42.66802553454661,-83.21935312490344
42.66805314547064,-83.21936050097791
42.66807385365564,-83.21935781876901
42.66809752014432,-83.21935983042567
42.6681209967042,-83.21936146960591
42.6681362813009,-83.21935677574032
42.66815649640691,-83.21934001193473
42.6681816420174,-83.2193386708303
42.66820432236322,-83.2193386708303
42.66822946795439,-83.21933665917362
42.66827114441054,-83.21934361253845
42.6682854428698,-83.21935165916514
42.66829530387428,-83.2193395892251
42.668287415070814,-83.21931679044948
42.668284456769285,-83.21927789842047
42.668283963719006,-83.21924571191371
42.66829579692446,-83.21922224258589
42.66830241834736,-83.21919890992112
42.668304390547874,-83.21916806451883
42.66832509864916,-83.2191372191165
42.66830636274828,-83.21910503260975
42.66829551564521,-83.21905809395408
42.668287626841774,-83.21902456634285
42.66830143224712,-83.21898030989605
42.66830636274828,-83.21894410007597
42.66829138519159,-83.21891957015153
42.668256871666884,-83.21892024070377
42.66821348320867,-83.21892292291267
42.6681681225154,-83.21891152352485
42.668116352114446,-83.21891353518147